
================ DATA SUMMARY ================
Attack_Category
1    1047296
0    1047296
Name: count, dtype: int64

============== CLIENT DISTRIBUTION ==============
Client 0: total=279280 | benign=209460 | attack=69820 | train=195496 | val=27928 | test=55856
Client 1: total=279278 | benign=69819 | attack=209459 | train=195494 | val=27928 | test=55856
Client 2: total=279278 | benign=209459 | attack=69819 | train=195494 | val=27928 | test=55856
Client 3: total=279278 | benign=69819 | attack=209459 | train=195494 | val=27928 | test=55856
Client 4: total=279278 | benign=209459 | attack=69819 | train=195494 | val=27928 | test=55856
=================================================

================ MODEL PROFILE ================
Parameters           : 50305
Model Size           : 196.50 KB
Forward FLOPs/sample : 103136
Training FLOPs/sample: 309408
================================================

============== FEDERATED DP 1D CNN TRAINING ==============
Clients=5 | Rounds=45 | Local Epochs=5 | Batch Size=32
Privacy Budgets (ε)=[1.0, 3.0, 5.0, 10.0]
===========================================================


======================================================================
STARTING DP 1D CNN EXPERIMENT WITH PRIVACY BUDGET ε = 1.0
======================================================================


================ FINAL RESULTS ================
Privacy Budget (ε)    : 1.00
Epsilon Spent         : 0.9946
Noise Multiplier      : 0.5823
Final Accuracy        : 0.9121
Final Precision       : 0.9640
Final Recall          : 0.8236
Final F1-score        : 0.8882
Final AUC-ROC         : 0.9633
Final Train Loss      : 0.2508
Final Validation Loss : 0.2420
Client Train Time(sum): 46179.8281 s
Round Train Time(sum of max/client-round): 9273.8590 s
Final Inference Time(total): 4.926715 s
Avg Inference Time/sample: 0.017641 ms
Training Communication : 86.35 MB
Final Eval Communication: 982.52 KB
Total Communication    : 87.31 MB
Total Runtime          : 9596.82 s
================================================

========== CONFUSION MATRIX ==========
TN: 151120    FP: 2484
FN: 22054    TP: 103622
======================================

Round-wise Results for ε=1.0 - copy into thesis table:
Round   EpsSpent        NoiseMult       TrainLoss       ValLoss RoundTrainTime(sum)     Comm
1       0.9946  0.5823  0.3250  0.3247  1053.5053       2012200
2       0.9946  0.5823  0.3164  0.3198  1022.4966       2012200
3       0.9946  0.5823  0.3101  0.3017  1028.1069       2012200
4       0.9946  0.5823  0.3047  0.2890  1026.9198       2012200
5       0.9946  0.5823  0.3008  0.2918  1023.5674       2012200
6       0.9946  0.5823  0.2996  0.2918  1019.8947       2012200
7       0.9946  0.5823  0.2943  0.2833  1019.2142       2012200
8       0.9946  0.5823  0.2902  0.2792  1019.2721       2012200
9       0.9946  0.5823  0.2878  0.2798  1037.7127       2012200
10      0.9946  0.5823  0.2832  0.2712  1031.8148       2012200
11      0.9946  0.5823  0.2810  0.2737  1030.3580       2012200
12      0.9946  0.5823  0.2765  0.2633  1029.4226       2012200
13      0.9946  0.5823  0.2757  0.2609  1031.6556       2012200
14      0.9946  0.5823  0.2714  0.2647  1029.9369       2012200
15      0.9946  0.5823  0.2730  0.2609  1035.5224       2012200
16      0.9946  0.5823  0.2709  0.2577  1028.5809       2012200
17      0.9946  0.5823  0.2689  0.2584  1029.7367       2012200
18      0.9946  0.5823  0.2693  0.2641  1032.3392       2012200
19      0.9946  0.5823  0.2670  0.2589  1035.9117       2012200
20      0.9946  0.5823  0.2687  0.2606  1028.3391       2012200
21      0.9946  0.5823  0.2658  0.2564  1027.0988       2012200
22      0.9946  0.5823  0.2660  0.2580  1032.8369       2012200
23      0.9946  0.5823  0.2630  0.2537  1025.9805       2012200
24      0.9946  0.5823  0.2635  0.2567  1027.6015       2012200
25      0.9946  0.5823  0.2649  0.2555  1022.4401       2012200
26      0.9946  0.5823  0.2632  0.2564  1021.4677       2012200
27      0.9946  0.5823  0.2652  0.2527  1022.6923       2012200
28      0.9946  0.5823  0.2653  0.2567  1022.1543       2012200
29      0.9946  0.5823  0.2640  0.2592  1023.5187       2012200
30      0.9946  0.5823  0.2611  0.2529  1023.6052       2012200
31      0.9946  0.5823  0.2621  0.2508  1022.0659       2012200
32      0.9946  0.5823  0.2594  0.2521  1022.6134       2012200
33      0.9946  0.5823  0.2597  0.2502  1024.0328       2012200
34      0.9946  0.5823  0.2606  0.2507  1019.2058       2012200
35      0.9946  0.5823  0.2582  0.2481  1025.0032       2012200
36      0.9946  0.5823  0.2598  0.2494  1021.3081       2012200
37      0.9946  0.5823  0.2571  0.2481  1021.2916       2012200
38      0.9946  0.5823  0.2569  0.2486  1022.8527       2012200
39      0.9946  0.5823  0.2575  0.2444  1021.7064       2012200
40      0.9946  0.5823  0.2548  0.2483  1022.6382       2012200
41      0.9946  0.5823  0.2556  0.2472  1022.6587       2012200
42      0.9946  0.5823  0.2544  0.2436  1023.1551       2012200
43      0.9946  0.5823  0.2533  0.2501  1021.0273       2012200
44      0.9946  0.5823  0.2538  0.2436  1022.8427       2012200
45      0.9946  0.5823  0.2508  0.2420  1023.7228       2012200


==========================
Epsilon 3
======================================

================ FINAL RESULTS ================
Privacy Budget (ε)    : 3.00
Epsilon Spent         : 2.9910
Noise Multiplier      : 0.4810
Final Accuracy        : 0.9143
Final Precision       : 0.9459
Final Recall          : 0.8402
Final F1-score        : 0.8896
Final AUC-ROC         : 0.9646
Final Train Loss      : 0.2521
Final Validation Loss : 0.2449
Client Train Time(sum): 46357.6130 s
Round Train Time(sum of max/client-round): 9358.9633 s
Final Inference Time(total): 8.254597 s
Avg Inference Time/sample: 0.029557 ms
Training Communication : 86.35 MB
Final Eval Communication: 982.52 KB
Total Communication    : 87.31 MB
Total Runtime          : 9663.98 s
================================================

========== CONFUSION MATRIX ==========
TN: 149682    FP: 3922
FN: 20006    TP: 105670
======================================

Round-wise Results for ε=3.0 - copy into thesis table:
Round   EpsSpent        NoiseMult       TrainLoss       ValLoss RoundTrainTime(sum)     Comm
1       2.9910  0.4810  0.3191  0.3184  1058.1046       2012200
2       2.9910  0.4810  0.3129  0.3163  1038.2583       2012200
3       2.9910  0.4810  0.3083  0.3012  1040.4825       2012200
4       2.9910  0.4810  0.3006  0.2977  1031.7762       2012200
5       2.9910  0.4810  0.2966  0.2950  1032.4826       2012200
6       2.9910  0.4810  0.2938  0.2844  1029.3919       2012200
7       2.9910  0.4810  0.2898  0.2776  1027.8037       2012200
8       2.9910  0.4810  0.2838  0.2803  1034.3935       2012200
9       2.9910  0.4810  0.2834  0.2720  1034.3445       2012200
10      2.9910  0.4810  0.2791  0.2716  1027.0549       2012200
11      2.9910  0.4810  0.2778  0.2677  1034.6753       2012200
12      2.9910  0.4810  0.2767  0.2694  1032.4499       2012200
13      2.9910  0.4810  0.2743  0.2658  1027.0815       2012200
14      2.9910  0.4810  0.2744  0.2680  1031.5423       2012200
15      2.9910  0.4810  0.2727  0.2649  1033.3872       2012200
16      2.9910  0.4810  0.2705  0.2596  1028.0801       2012200
17      2.9910  0.4810  0.2712  0.2651  1037.0169       2012200
18      2.9910  0.4810  0.2695  0.2609  1028.5817       2012200
19      2.9910  0.4810  0.2692  0.2600  1033.1539       2012200
20      2.9910  0.4810  0.2666  0.2588  1033.4172       2012200
21      2.9910  0.4810  0.2665  0.2584  1040.5019       2012200
22      2.9910  0.4810  0.2621  0.2566  1026.4431       2012200
23      2.9910  0.4810  0.2612  0.2494  1039.9742       2012200
24      2.9910  0.4810  0.2628  0.2560  1035.2795       2012200
25      2.9910  0.4810  0.2612  0.2566  1037.6419       2012200
26      2.9910  0.4810  0.2615  0.2563  1031.5899       2012200
27      2.9910  0.4810  0.2585  0.2515  1020.0003       2012200
28      2.9910  0.4810  0.2605  0.2494  1036.0627       2012200
29      2.9910  0.4810  0.2587  0.2501  1031.8740       2012200
30      2.9910  0.4810  0.2575  0.2480  1023.7102       2012200
31      2.9910  0.4810  0.2577  0.2497  1022.7079       2012200
32      2.9910  0.4810  0.2585  0.2490  1025.8502       2012200
33      2.9910  0.4810  0.2576  0.2489  1019.9507       2012200
34      2.9910  0.4810  0.2574  0.2508  1025.0863       2012200
35      2.9910  0.4810  0.2565  0.2509  1030.9145       2012200
36      2.9910  0.4810  0.2560  0.2491  1024.2947       2012200
37      2.9910  0.4810  0.2551  0.2453  1014.3932       2012200
38      2.9910  0.4810  0.2556  0.2470  1009.5926       2012200
39      2.9910  0.4810  0.2551  0.2451  1009.3708       2012200
40      2.9910  0.4810  0.2552  0.2468  1010.2180       2012200
41      2.9910  0.4810  0.2538  0.2449  1039.7762       2012200
42      2.9910  0.4810  0.2515  0.2452  1029.5842       2012200
43      2.9910  0.4810  0.2498  0.2432  1034.7094       2012200
44      2.9910  0.4810  0.2524  0.2472  1038.1204       2012200
45      2.9910  0.4810  0.2521  0.2449  1026.4874       2012200



=================================
epsolan 5

===============================

================ FINAL RESULTS ================
Privacy Budget (ε)    : 5.00
Epsilon Spent         : 4.9938
Noise Multiplier      : 0.4271
Final Accuracy        : 0.9143
Final Precision       : 0.9590
Final Recall          : 0.8313
Final F1-score        : 0.8905
Final AUC-ROC         : 0.9644
Final Train Loss      : 0.2495
Final Validation Loss : 0.2416
Client Train Time(sum): 46705.8753 s
Round Train Time(sum of max/client-round): 9436.0241 s
Final Inference Time(total): 7.102485 s
Avg Inference Time/sample: 0.025431 ms
Training Communication : 86.35 MB
Final Eval Communication: 982.52 KB
Total Communication    : 87.31 MB
Total Runtime          : 9931.70 s
================================================

========== CONFUSION MATRIX ==========
TN: 150731    FP: 2873
FN: 21064    TP: 104612
======================================

Round-wise Results for ε=5.0 - copy into thesis table:
Round   EpsSpent        NoiseMult       TrainLoss       ValLoss RoundTrainTime(sum)     Comm
1       4.9938  0.4271  0.3175  0.3152  1065.6902       2012200
2       4.9938  0.4271  0.3084  0.3050  1065.7730       2012200
3       4.9938  0.4271  0.3012  0.2933  1057.2254       2012200
4       4.9938  0.4271  0.2918  0.2868  1041.4316       2012200
5       4.9938  0.4271  0.2875  0.2855  1035.0363       2012200
6       4.9938  0.4271  0.2885  0.2813  1029.6468       2012200
7       4.9938  0.4271  0.2846  0.2756  1035.6987       2012200
8       4.9938  0.4271  0.2787  0.2747  1034.3470       2012200
9       4.9938  0.4271  0.2790  0.2710  1028.3504       2012200
10      4.9938  0.4271  0.2749  0.2640  1030.3806       2012200
11      4.9938  0.4271  0.2740  0.2662  1024.0991       2012200
12      4.9938  0.4271  0.2718  0.2632  1051.0555       2012200
13      4.9938  0.4271  0.2675  0.2623  1037.1888       2012200
14      4.9938  0.4271  0.2693  0.2567  1033.4404       2012200
15      4.9938  0.4271  0.2679  0.2616  1037.9226       2012200
16      4.9938  0.4271  0.2643  0.2588  1031.5247       2012200
17      4.9938  0.4271  0.2644  0.2560  1035.3506       2012200
18      4.9938  0.4271  0.2612  0.2537  1035.9378       2012200
19      4.9938  0.4271  0.2593  0.2510  1031.8166       2012200
20      4.9938  0.4271  0.2593  0.2538  1037.1888       2012200
21      4.9938  0.4271  0.2592  0.2513  1041.1212       2012200
22      4.9938  0.4271  0.2598  0.2507  1043.2455       2012200
23      4.9938  0.4271  0.2575  0.2574  1029.3499       2012200
24      4.9938  0.4271  0.2558  0.2477  1035.8798       2012200
25      4.9938  0.4271  0.2553  0.2482  1039.7405       2012200
26      4.9938  0.4271  0.2551  0.2489  1040.7218       2012200
27      4.9938  0.4271  0.2539  0.2482  1036.1335       2012200
28      4.9938  0.4271  0.2542  0.2478  1038.8016       2012200
29      4.9938  0.4271  0.2557  0.2457  1044.6390       2012200
30      4.9938  0.4271  0.2547  0.2432  1047.6037       2012200
31      4.9938  0.4271  0.2541  0.2445  1043.0643       2012200
32      4.9938  0.4271  0.2538  0.2445  1038.0291       2012200
33      4.9938  0.4271  0.2556  0.2450  1038.2868       2012200
34      4.9938  0.4271  0.2523  0.2455  1045.9315       2012200
35      4.9938  0.4271  0.2537  0.2468  1044.7583       2012200
36      4.9938  0.4271  0.2531  0.2436  1030.5735       2012200
37      4.9938  0.4271  0.2524  0.2435  1025.9650       2012200
38      4.9938  0.4271  0.2552  0.2469  1026.6504       2012200
39      4.9938  0.4271  0.2550  0.2443  1020.9704       2012200
40      4.9938  0.4271  0.2507  0.2447  1039.6537       2012200
41      4.9938  0.4271  0.2519  0.2422  1048.0424       2012200
42      4.9938  0.4271  0.2517  0.2431  1035.8964       2012200
43      4.9938  0.4271  0.2513  0.2410  1030.6051       2012200
44      4.9938  0.4271  0.2503  0.2414  1021.3783       2012200
45      4.9938  0.4271  0.2495  0.2416  1039.7288       2012200
