Attack_Category
1    1047296
0    1047296
Name: count, dtype: int64

============== CLIENT DISTRIBUTION ==============
Client 0: total=279280 | benign=209460 | attack=69820 | train=195496 | val=27928 | test=55856
Client 1: total=279278 | benign=69819 | attack=209459 | train=195494 | val=27928 | test=55856
Client 2: total=279278 | benign=209459 | attack=69819 | train=195494 | val=27928 | test=55856
Client 3: total=279278 | benign=69819 | attack=209459 | train=195494 | val=27928 | test=55856
Client 4: total=279278 | benign=209459 | attack=69819 | train=195494 | val=27928 | test=55856
=================================================

================ MODEL PROFILE ================
Parameters           : 50305
Model Size           : 196.50 KB
Forward FLOPs/sample : 103136
Training FLOPs/sample: 309408
================================================

============== FEDERATED TRAINING ==============
Clients=5 | Rounds=45 | Local Epochs=5 | Batch Size=32
================================================

========== FINAL AGGREGATED CONFUSION MATRIX ==========
TN: 151242    FP: 2362
FN: 17507    TP: 108169
=======================================================

Round-wise Results (copy into thesis table):
Round   TrainLoss       ValLoss RoundTrainTime(sum)     Comm
1       0.1688  0.1651  433.4550        2029800
2       0.1666  0.1618  421.8138        2029800
3       0.1638  0.1599  421.9661        2029800
4       0.1623  0.1591  422.2573        2029800
5       0.1613  0.1583  421.8605        2029800
6       0.1602  0.1576  423.8793        2029800
7       0.1597  0.1609  420.2880        2029800
8       0.1592  0.1572  420.8042        2029800
9       0.1586  0.1562  420.5991        2029800
10      0.1581  0.1554  420.1127        2029800
11      0.1580  0.1552  420.2536        2029800
12      0.1575  0.1556  420.4681        2029800
13      0.1573  0.1554  419.7809        2029800
14      0.1570  0.1559  420.0150        2029800
15      0.1566  0.1548  420.1536        2029800
16      0.1567  0.1564  420.3416        2029800
17      0.1562  0.1543  420.3168        2029800
18      0.1564  0.1543  419.8091        2029800
19      0.1561  0.1546  420.3139        2029800
20      0.1561  0.1546  420.2583        2029800
21      0.1559  0.1553  419.7688        2029800
22      0.1557  0.1538  420.8599        2029800
23      0.1555  0.1549  421.9398        2029800
24      0.1556  0.1580  419.6271        2029800
25      0.1554  0.1534  419.7725        2029800
26      0.1551  0.1582  419.8092        2029800
27      0.1549  0.1544  419.7948        2029800
28      0.1554  0.1537  419.6304        2029800
29      0.1550  0.1554  419.5874        2029800
30      0.1549  0.1531  419.6927        2029800
31      0.1550  0.1531  419.9712        2029800
32      0.1547  0.1530  421.0331        2029800
33      0.1547  0.1534  420.3823        2029800
34      0.1548  0.1546  419.8344        2029800
35      0.1545  0.1527  420.1379        2029800
36      0.1542  0.1530  419.9184        2029800
37      0.1545  0.1528  419.8725        2029800
38      0.1544  0.1527  420.0222        2029800
39      0.1544  0.1524  419.8681        2029800
40      0.1546  0.1537  420.1926        2029800
41      0.1542  0.1529  419.8850        2029800
42      0.1540  0.1522  419.8006        2029800
43      0.1541  0.1534  419.7226        2029800
44      0.1541  0.1525  420.1904        2029800
45      0.1540  0.1532  419.7607        2029800    