
Espsalo 1

+++++++++++++++++++++++++++++++

================ FINAL RESULTS ================
Privacy Budget (ε)    : 1.00
Epsilon Spent         : 0.9946
Noise Multiplier      : 0.5823
Final Accuracy        : 0.9161
Final Precision       : 0.9891
Final Recall          : 0.8184
Final F1-score        : 0.8957
Final AUC-ROC         : 0.9677
Final Train Loss      : 0.2824
Final Validation Loss : 0.2578
Client Train Time(sum): 9749.9122 s
Round Train Time(sum of max/client-round): 2016.2111 s
Final Inference Time(total): 0.018416 s
Avg Inference Time/sample: 0.000066 ms
Training Communication : 8.02 MB
Final Eval Communication: 91.27 KB
Total Communication    : 8.11 MB
Total Runtime          : 2264.12 s
================================================

========== CONFUSION MATRIX ==========
TN: 152876    FP: 728
FN: 22701    TP: 102975
======================================

Round-wise Results for ε=1.0 (copy into thesis table):
Round   EpsSpent        NoiseMult       TrainLoss       ValLoss RoundTrainTime(sum)     Comm
1       0.9946  0.5823  0.3194  0.3001  215.1307        186920
2       0.9946  0.5823  0.3154  0.2910  215.6164        186920
3       0.9946  0.5823  0.3112  0.2907  215.9165        186920
4       0.9946  0.5823  0.3009  0.2839  217.7501        186920
5       0.9946  0.5823  0.2932  0.2770  216.4280        186920
6       0.9946  0.5823  0.2884  0.2706  216.6120        186920
7       0.9946  0.5823  0.2882  0.2700  216.9561        186920
8       0.9946  0.5823  0.2904  0.2709  220.6105        186920
9       0.9946  0.5823  0.2850  0.2658  216.9081        186920
10      0.9946  0.5823  0.2887  0.2671  218.0317        186920
11      0.9946  0.5823  0.2840  0.2714  216.5338        186920
12      0.9946  0.5823  0.2845  0.2628  216.6449        186920
13      0.9946  0.5823  0.2834  0.2608  216.1349        186920
14      0.9946  0.5823  0.2799  0.2583  216.0221        186920
15      0.9946  0.5823  0.2776  0.2546  217.0259        186920
16      0.9946  0.5823  0.2820  0.2574  216.0637        186920
17      0.9946  0.5823  0.2762  0.2569  216.3802        186920
18      0.9946  0.5823  0.2777  0.2543  216.3701        186920
19      0.9946  0.5823  0.2765  0.2550  216.4903        186920
20      0.9946  0.5823  0.2792  0.2513  215.9279        186920
21      0.9946  0.5823  0.2801  0.2593  216.1105        186920
22      0.9946  0.5823  0.2786  0.2550  215.9739        186920
23      0.9946  0.5823  0.2782  0.2554  214.8877        186920
24      0.9946  0.5823  0.2743  0.2571  215.5969        186920
25      0.9946  0.5823  0.2756  0.2583  215.4014        186920
26      0.9946  0.5823  0.2771  0.2570  215.4220        186920
27      0.9946  0.5823  0.2749  0.2540  215.0578        186920
28      0.9946  0.5823  0.2778  0.2547  218.4259        186920
29      0.9946  0.5823  0.2790  0.2538  220.5846        186920
30      0.9946  0.5823  0.2829  0.2567  221.4577        186920
31      0.9946  0.5823  0.2748  0.2528  220.6245        186920
32      0.9946  0.5823  0.2776  0.2568  217.3488        186920
33      0.9946  0.5823  0.2749  0.2549  216.5303        186920
34      0.9946  0.5823  0.2767  0.2502  215.6602        186920
35      0.9946  0.5823  0.2774  0.2530  216.1588        186920
36      0.9946  0.5823  0.2800  0.2560  215.3092        186920
37      0.9946  0.5823  0.2785  0.2534  216.4433        186920
38      0.9946  0.5823  0.2773  0.2536  215.4022        186920
39      0.9946  0.5823  0.2786  0.2546  217.0508        186920
40      0.9946  0.5823  0.2814  0.2532  216.5218        186920
41      0.9946  0.5823  0.2823  0.2577  217.0610        186920
42      0.9946  0.5823  0.2828  0.2577  216.4277        186920
43      0.9946  0.5823  0.2801  0.2574  215.6478        186920
44      0.9946  0.5823  0.2795  0.2571  215.9629        186920
45      0.9946  0.5823  0.2824  0.2578  215.2907        186920
Saved model for ε=1.0 → ./mlp_global_model_eps_1.0.pt

+++++++++++++++++++++++++++++++
epsalon 3

++++++++++++++++++++++++++++++++++

================ FINAL RESULTS ================
Privacy Budget (ε)    : 3.00
Epsilon Spent         : 2.9910
Noise Multiplier      : 0.4810
Final Accuracy        : 0.9174
Final Precision       : 0.9850
Final Recall          : 0.8237
Final F1-score        : 0.8972
Final AUC-ROC         : 0.9676
Final Train Loss      : 0.2782
Final Validation Loss : 0.2550
Client Train Time(sum): 9780.6829 s
Round Train Time(sum of max/client-round): 2013.3173 s
Final Inference Time(total): 0.015633 s
Avg Inference Time/sample: 0.000056 ms
Training Communication : 8.02 MB
Final Eval Communication: 91.27 KB
Total Communication    : 8.11 MB
Total Runtime          : 2270.29 s
================================================

========== CONFUSION MATRIX ==========
TN: 152597    FP: 1007
FN: 22060    TP: 103616
======================================

Round-wise Results for ε=3.0 (copy into thesis table):
Round   EpsSpent        NoiseMult       TrainLoss       ValLoss RoundTrainTime(sum)     Comm
1       2.9910  0.4810  0.3211  0.3120  222.7024        186920
2       2.9910  0.4810  0.3091  0.2971  219.3928        186920
3       2.9910  0.4810  0.2993  0.2856  218.0723        186920
4       2.9910  0.4810  0.2959  0.2775  220.3253        186920
5       2.9910  0.4810  0.2925  0.2710  224.9278        186920
6       2.9910  0.4810  0.2874  0.2701  216.6318        186920
7       2.9910  0.4810  0.2861  0.2666  215.0376        186920
8       2.9910  0.4810  0.2824  0.2642  215.0510        186920
9       2.9910  0.4810  0.2826  0.2644  215.0493        186920
10      2.9910  0.4810  0.2787  0.2594  219.3962        186920
11      2.9910  0.4810  0.2775  0.2608  216.0164        186920
12      2.9910  0.4810  0.2733  0.2561  218.2373        186920
13      2.9910  0.4810  0.2729  0.2543  214.7392        186920
14      2.9910  0.4810  0.2765  0.2575  215.1980        186920
15      2.9910  0.4810  0.2703  0.2585  215.0458        186920
16      2.9910  0.4810  0.2707  0.2575  214.5333        186920
17      2.9910  0.4810  0.2707  0.2560  214.3977        186920
18      2.9910  0.4810  0.2763  0.2555  214.9582        186920
19      2.9910  0.4810  0.2720  0.2584  215.8001        186920
20      2.9910  0.4810  0.2698  0.2541  215.4301        186920
21      2.9910  0.4810  0.2689  0.2531  214.6293        186920
22      2.9910  0.4810  0.2713  0.2544  215.0992        186920
23      2.9910  0.4810  0.2720  0.2567  215.0329        186920
24      2.9910  0.4810  0.2741  0.2582  215.0628        186920
25      2.9910  0.4810  0.2763  0.2544  215.1550        186920
26      2.9910  0.4810  0.2724  0.2560  215.4280        186920
27      2.9910  0.4810  0.2706  0.2530  214.2854        186920
28      2.9910  0.4810  0.2717  0.2537  221.5110        186920
29      2.9910  0.4810  0.2727  0.2556  217.8446        186920
30      2.9910  0.4810  0.2706  0.2503  216.3829        186920
31      2.9910  0.4810  0.2679  0.2527  216.1142        186920
32      2.9910  0.4810  0.2694  0.2558  215.3352        186920
33      2.9910  0.4810  0.2718  0.2520  215.1855        186920
34      2.9910  0.4810  0.2714  0.2575  217.4978        186920
35      2.9910  0.4810  0.2731  0.2539  221.7733        186920
36      2.9910  0.4810  0.2727  0.2545  218.8223        186920
37      2.9910  0.4810  0.2726  0.2531  220.1883        186920
38      2.9910  0.4810  0.2710  0.2533  218.3520        186920
39      2.9910  0.4810  0.2709  0.2506  218.2176        186920
40      2.9910  0.4810  0.2721  0.2501  220.6737        186920
41      2.9910  0.4810  0.2724  0.2540  220.7944        186920
42      2.9910  0.4810  0.2726  0.2513  219.6977        186920
43      2.9910  0.4810  0.2719  0.2479  218.4716        186920
44      2.9910  0.4810  0.2731  0.2539  218.1703        186920
45      2.9910  0.4810  0.2782  0.2550  220.0151        186920
Saved model for ε=3.0 → ./mlp_global_model_eps_3.0.pt


++++++++++++++++++++++++++++++++
epsalon 5
+++++++++++++++++++++++++++++++

Privacy Budget (ε)    : 5.00
Epsilon Spent         : 4.9938
Noise Multiplier      : 0.4271
Final Accuracy        : 0.9174
Final Precision       : 0.9861
Final Recall          : 0.8232
Final F1-score        : 0.8973
Final AUC-ROC         : 0.9679
Final Train Loss      : 0.2771
Final Validation Loss : 0.2548
Client Train Time(sum): 9845.0006 s
Round Train Time(sum of max/client-round): 1985.8988 s
Final Inference Time(total): 0.018625 s
Avg Inference Time/sample: 0.000067 ms
Training Communication : 8.02 MB
Final Eval Communication: 91.27 KB
Total Communication    : 8.11 MB
Total Runtime          : 2451.31 s
================================================

========== CONFUSION MATRIX ==========
TN: 152667    FP: 937
FN: 22125    TP: 103551
======================================

Round-wise Results for ε=5.0 (copy into thesis table):
Round   EpsSpent        NoiseMult       TrainLoss       ValLoss RoundTrainTime(sum)     Comm
1       4.9938  0.4271  0.3083  0.2977  216.1243        186920
2       4.9938  0.4271  0.3050  0.2870  215.2799        186920
3       4.9938  0.4271  0.2960  0.2770  216.1112        186920
4       4.9938  0.4271  0.2916  0.2697  215.1474        186920
5       4.9938  0.4271  0.2875  0.2707  214.9563        186920
6       4.9938  0.4271  0.2836  0.2716  215.3023        186920
7       4.9938  0.4271  0.2812  0.2629  218.2105        186920
8       4.9938  0.4271  0.2815  0.2682  215.4277        186920
9       4.9938  0.4271  0.2829  0.2595  215.0055        186920
10      4.9938  0.4271  0.2801  0.2607  214.4298        186920
11      4.9938  0.4271  0.2814  0.2621  222.3315        186920
12      4.9938  0.4271  0.2791  0.2613  215.4231        186920
13      4.9938  0.4271  0.2758  0.2581  214.9689        186920
14      4.9938  0.4271  0.2799  0.2595  214.4584        186920
15      4.9938  0.4271  0.2765  0.2598  215.6577        186920
16      4.9938  0.4271  0.2769  0.2572  214.8649        186920
17      4.9938  0.4271  0.2797  0.2590  217.5175        186920
18      4.9938  0.4271  0.2808  0.2600  217.4239        186920
19      4.9938  0.4271  0.2787  0.2532  226.3481        186920
20      4.9938  0.4271  0.2780  0.2552  225.3988        186920
21      4.9938  0.4271  0.2788  0.2538  225.3980        186920
22      4.9938  0.4271  0.2809  0.2543  224.8010        186920
23      4.9938  0.4271  0.2769  0.2552  219.7418        186920
24      4.9938  0.4271  0.2768  0.2577  223.9159        186920
25      4.9938  0.4271  0.2761  0.2546  224.7433        186920
26      4.9938  0.4271  0.2751  0.2549  225.4471        186920
27      4.9938  0.4271  0.2764  0.2547  232.4799        186920
28      4.9938  0.4271  0.2754  0.2524  222.6888        186920
29      4.9938  0.4271  0.2766  0.2527  215.7509        186920
30      4.9938  0.4271  0.2803  0.2575  219.2577        186920
31      4.9938  0.4271  0.2766  0.2575  225.8323        186920
32      4.9938  0.4271  0.2784  0.2587  226.1098        186920
33      4.9938  0.4271  0.2745  0.2530  219.9912        186920
34      4.9938  0.4271  0.2731  0.2557  216.5902        186920
35      4.9938  0.4271  0.2742  0.2544  214.4157        186920
36      4.9938  0.4271  0.2745  0.2534  215.3481        186920
37      4.9938  0.4271  0.2760  0.2518  215.3832        186920
38      4.9938  0.4271  0.2687  0.2486  216.5717        186920
39      4.9938  0.4271  0.2703  0.2510  215.6048        186920
40      4.9938  0.4271  0.2762  0.2486  215.6693        186920
41      4.9938  0.4271  0.2738  0.2494  218.5412        186920
42      4.9938  0.4271  0.2707  0.2466  221.2230        186920
43      4.9938  0.4271  0.2743  0.2486  217.8280        186920
44      4.9938  0.4271  0.2732  0.2470  214.5985        186920
45      4.9938  0.4271  0.2771  0.2548  216.6818        186920
Saved model for ε=5.0 → ./mlp_global_model_eps_5.0.pt



++++++++++++++++++++++++++++++++

epsolon 10

+++++++++++++++++++++++++++++++++++++++++++