================ FINAL RESULTS ================
Privacy Budget (ε)    : 5.00
Epsilon Spent         : 4.9938
Noise Multiplier      : 0.4271
Final Accuracy        : 0.9131
Final Precision       : 0.9385
Final Recall          : 0.8420
Final F1-score        : 0.8872
Final AUC-ROC         : 0.9636
Final Train Loss      : 0.3811
Final Validation Loss : 0.3852
Client Train Time(sum): 154720.6433 s
Round Train Time(sum of max/client-round): 31137.0048 s
Final Inference Time(total): 12.170784 s
Avg Inference Time/sample: 0.043579 ms
Training Communication : 174.46 MB
Final Eval Communication: 1.94 MB
Total Communication    : 176.40 MB
Total Runtime          : 31983.10 s
================================================

========== CONFUSION MATRIX ==========
TN: 149091    FP: 4513
FN: 19754    TP: 105922
======================================

Round-wise Results for TTF ε=5.0:
Round   EpsSpent        NoiseMult       TrainLoss       ValLoss RoundTrainTime(sum)     Comm
1       4.9938  0.4271  0.4016  0.3966  4677.6934       4065320
2       4.9938  0.4271  0.3905  0.3986  3456.1241       4065320
3       4.9938  0.4271  0.3883  0.3840  3468.7258       4065320
4       4.9938  0.4271  0.3889  0.3909  3476.5516       4065320
5       4.9938  0.4271  0.3934  0.3989  3430.7255       4065320
6       4.9938  0.4271  0.4018  0.4042  3426.8184       4065320
7       4.9938  0.4271  0.3995  0.4189  3418.0024       4065320
8       4.9938  0.4271  0.4036  0.4155  3472.4256       4065320
9       4.9938  0.4271  0.3957  0.4100  3506.5331       4065320
10      4.9938  0.4271  0.4005  0.4072  3433.4679       4065320
11      4.9938  0.4271  0.3928  0.3967  3465.9048       4065320
12      4.9938  0.4271  0.3927  0.3847  3444.9536       4065320
13      4.9938  0.4271  0.3864  0.3920  3394.9839       4065320
14      4.9938  0.4271  0.3889  0.3889  3406.3660       4065320
15      4.9938  0.4271  0.3900  0.3938  3411.9396       4065320
16      4.9938  0.4271  0.3842  0.3965  3402.9691       4065320
17      4.9938  0.4271  0.3949  0.3989  3385.9769       4065320
18      4.9938  0.4271  0.3883  0.3835  3380.8371       4065320
19      4.9938  0.4271  0.3871  0.3967  3396.2171       4065320
20      4.9938  0.4271  0.3908  0.4056  3408.1116       4065320
21      4.9938  0.4271  0.3957  0.4064  3395.1781       4065320
22      4.9938  0.4271  0.3964  0.4056  3398.3302       4065320
23      4.9938  0.4271  0.3962  0.3956  3381.6766       4065320
24      4.9938  0.4271  0.3914  0.3946  3401.7712       4065320
25      4.9938  0.4271  0.3916  0.3960  3416.5861       4065320
26      4.9938  0.4271  0.3939  0.3779  3384.8033       4065320
27      4.9938  0.4271  0.3855  0.4073  3401.7973       4065320
28      4.9938  0.4271  0.3988  0.4037  3391.4998       4065320
29      4.9938  0.4271  0.3967  0.3952  3418.2233       4065320
30      4.9938  0.4271  0.3887  0.3864  3379.7167       4065320
31      4.9938  0.4271  0.3851  0.3837  3394.1711       4065320
32      4.9938  0.4271  0.3944  0.3974  3402.9936       4065320
33      4.9938  0.4271  0.3890  0.3905  3419.3532       4065320
34      4.9938  0.4271  0.3963  0.3990  3403.0314       4065320
35      4.9938  0.4271  0.3934  0.3968  3377.8769       4065320
36      4.9938  0.4271  0.3999  0.3990  3399.1248       4065320
37      4.9938  0.4271  0.3983  0.3981  3378.0830       4065320
38      4.9938  0.4271  0.3910  0.4034  3388.3300       4065320
39      4.9938  0.4271  0.3949  0.4059  3394.7419       4065320
40      4.9938  0.4271  0.3893  0.3865  3388.0270       4065320
41      4.9938  0.4271  0.3825  0.3916  3402.2685       4065320
42      4.9938  0.4271  0.3816  0.3826  3378.2144       4065320
43      4.9938  0.4271  0.3846  0.3996  3399.0057       4065320
44      4.9938  0.4271  0.3811  0.3774  3383.8496       4065320
45      4.9938  0.4271  0.3811  0.3852  3376.6620       4065320
Saved model for ε=5.0 → ./ttf_global_model_eps_5.0.pt

================ TTF DP EXPERIMENT SUMMARY ================
 epsilon  epsilon_spent_last_round  noise_multiplier_last_round  accuracy  precision   recall  f1_score  auc_roc  final_train_loss  final_val_loss  total_runtime_sec
     5.0                  4.993817                     0.427094  0.913109   0.938502 0.841975  0.887239 0.963593           0.38108        0.385223       31983.103228
===========================================================

Formatted summary for thesis table:
Epsilon EpsSpent        NoiseMult       Accuracy        Precision       Recall  F1      AUC     TrainLoss       ValLoss Runtime(s)
5.0     4.9938  0.4271  0.9131  0.9385  0.8420  0.8872  0.9636  0.3811  0.3852  31983.10



10 eeeeeeeeeeeeeeeee


Privacy Budget (ε)    : 10.00
Epsilon Spent         : 9.9945
Noise Multiplier      : 0.3604
Final Accuracy        : 0.9140
Final Precision       : 0.9361
Final Recall          : 0.8459
Final F1-score        : 0.8883
Final AUC-ROC         : 0.9644
Final Train Loss      : 0.3775
Final Validation Loss : 0.3793
Client Train Time(sum): 154493.8814 s
Round Train Time(sum of max/client-round): 31119.3908 s
Final Inference Time(total): 12.807067 s
Avg Inference Time/sample: 0.045857 ms
Training Communication : 174.46 MB
Final Eval Communication: 1.94 MB
Total Communication    : 176.40 MB
Total Runtime          : 32363.16 s
================================================

========== CONFUSION MATRIX ==========
TN: 148865    FP: 4739
FN: 19271    TP: 106405
======================================

Round-wise Results for TTF ε=10.0:
Round   EpsSpent        NoiseMult       TrainLoss       ValLoss RoundTrainTime(sum)     Comm
1       9.9945  0.3604  0.3902  0.3988  3450.0537       4065320
2       9.9945  0.3604  0.3894  0.3977  3393.6199       4065320
3       9.9945  0.3604  0.3947  0.3874  3393.4051       4065320
4       9.9945  0.3604  0.3964  0.4099  3381.2166       4065320
5       9.9945  0.3604  0.3900  0.3837  3370.2601       4065320
6       9.9945  0.3604  0.3941  0.4026  3448.4851       4065320
7       9.9945  0.3604  0.3993  0.4100  3374.4319       4065320
8       9.9945  0.3604  0.3994  0.4020  3406.1505       4065320
9       9.9945  0.3604  0.4069  0.4025  3409.6537       4065320
10      9.9945  0.3604  0.3963  0.4100  3418.0780       4065320
11      9.9945  0.3604  0.3937  0.4019  3402.9694       4065320
12      9.9945  0.3604  0.3937  0.3862  3379.6505       4065320
13      9.9945  0.3604  0.4025  0.3944  3390.4456       4065320
14      9.9945  0.3604  0.3939  0.4061  3364.0974       4065320
15      9.9945  0.3604  0.4006  0.4023  3452.8200       4065320
16      9.9945  0.3604  0.3994  0.4032  3431.3556       4065320
17      9.9945  0.3604  0.3910  0.4002  3454.5777       4065320
18      9.9945  0.3604  0.3750  0.3799  3452.5389       4065320
19      9.9945  0.3604  0.3888  0.3892  3450.5707       4065320
20      9.9945  0.3604  0.3887  0.3927  3470.1479       4065320
21      9.9945  0.3604  0.3875  0.3925  3446.4228       4065320
22      9.9945  0.3604  0.3761  0.3871  3475.5408       4065320
23      9.9945  0.3604  0.3819  0.3986  3490.1422       4065320
24      9.9945  0.3604  0.3944  0.3967  3477.0362       4065320
25      9.9945  0.3604  0.3900  0.3928  3474.2801       4065320
26      9.9945  0.3604  0.3742  0.3801  3483.1328       4065320
27      9.9945  0.3604  0.3800  0.3801  3429.3468       4065320
28      9.9945  0.3604  0.3833  0.3971  3432.7164       4065320
29      9.9945  0.3604  0.3852  0.3899  3430.9107       4065320
30      9.9945  0.3604  0.3844  0.3847  3467.3053       4065320
31      9.9945  0.3604  0.3808  0.3915  3425.9858       4065320
32      9.9945  0.3604  0.3769  0.3845  3434.6876       4065320
33      9.9945  0.3604  0.3810  0.3853  3461.6212       4065320
34      9.9945  0.3604  0.3806  0.3845  3436.5148       4065320
35      9.9945  0.3604  0.3750  0.3876  3415.1146       4065320
36      9.9945  0.3604  0.3777  0.3736  3426.4797       4065320
37      9.9945  0.3604  0.3798  0.3883  3435.0652       4065320
38      9.9945  0.3604  0.3864  0.4001  3424.3620       4065320
39      9.9945  0.3604  0.3883  0.3901  3440.9900       4065320
40      9.9945  0.3604  0.3874  0.3950  3430.3388       4065320
41      9.9945  0.3604  0.3782  0.3998  3461.2921       4065320
42      9.9945  0.3604  0.3838  0.3901  3429.2468       4065320
43      9.9945  0.3604  0.3919  0.3976  3451.2812       4065320
44      9.9945  0.3604  0.3758  0.3812  3451.1047       4065320
45      9.9945  0.3604  0.3775  0.3793  3468.4344       4065320
Saved model for ε=10.0 → ./ttf_global_model_eps_10.0.pt

================ TTF DP EXPERIMENT SUMMARY ================
 epsilon  epsilon_spent_last_round  noise_multiplier_last_round  accuracy  precision   recall  f1_score  auc_roc  final_train_loss  final_val_loss  total_runtime_sec
    10.0                  9.994491                     0.360413  0.914029   0.936096 0.845923  0.888313 0.964438          0.377519        0.379346       32363.162908
===========================================================

Formatted summary for thesis table:
Epsilon EpsSpent        NoiseMult       Accuracy        Precision       Recall  F1      AUC     TrainLoss       ValLoss Runtime(s)
10.0    9.9945  0.3604  0.9140  0.9361  0.8459  0.8883  0.9644  0.3775  0.3793  32363.16

Saved summary to: ttf_dp_federated_results_summary.csv


================ FINAL RESULTS ================
Privacy Budget (ε)    : 3.00
Epsilon Spent         : 2.9910
Noise Multiplier      : 0.4810
Final Accuracy        : 0.9121
Final Precision       : 0.9421
Final Recall          : 0.8369
Final F1-score        : 0.8861
Final AUC-ROC         : 0.9624
Final Train Loss      : 0.3918
Final Validation Loss : 0.3943
Client Train Time(sum): 154895.1757 s
Round Train Time(sum of max/client-round): 31168.2613 s
Final Inference Time(total): 13.051969 s
Avg Inference Time/sample: 0.046734 ms
Training Communication : 174.46 MB
Final Eval Communication: 1.94 MB
Total Communication    : 176.40 MB
Total Runtime          : 31822.12 s
================================================

========== CONFUSION MATRIX ==========
TN: 149412    FP: 4192
FN: 20344    TP: 105332
======================================

Round-wise Results for TTF ε=3.0:
Round   EpsSpent        NoiseMult       TrainLoss       ValLoss RoundTrainTime(sum)     Comm
1       2.9910  0.4810  0.4047  0.4187  3481.7202       4065320
2       2.9910  0.4810  0.4047  0.3985  3388.9300       4065320
3       2.9910  0.4810  0.3897  0.3915  3380.0167       4065320
4       2.9910  0.4810  0.4025  0.4090  3404.6096       4065320
5       2.9910  0.4810  0.4021  0.4062  3457.9905       4065320
6       2.9910  0.4810  0.4122  0.4233  3472.2221       4065320
7       2.9910  0.4810  0.4060  0.4153  3416.7819       4065320
8       2.9910  0.4810  0.4151  0.4158  3450.5378       4065320
9       2.9910  0.4810  0.4158  0.4289  3422.0479       4065320
10      2.9910  0.4810  0.4117  0.4166  3405.6077       4065320
11      2.9910  0.4810  0.4120  0.4190  3424.6893       4065320
12      2.9910  0.4810  0.4024  0.3993  3410.3129       4065320
13      2.9910  0.4810  0.4105  0.4185  3431.1489       4065320
14      2.9910  0.4810  0.4066  0.4227  3425.7384       4065320
15      2.9910  0.4810  0.4013  0.4161  3402.8312       4065320
16      2.9910  0.4810  0.3988  0.4069  3399.9530       4065320
17      2.9910  0.4810  0.3975  0.4078  3426.8199       4065320
18      2.9910  0.4810  0.3886  0.3794  3415.7905       4065320
19      2.9910  0.4810  0.3835  0.3968  3418.6077       4065320
20      2.9910  0.4810  0.3838  0.3793  3439.1022       4065320
21      2.9910  0.4810  0.3876  0.3950  3459.2918       4065320
22      2.9910  0.4810  0.3893  0.4003  3454.0091       4065320
23      2.9910  0.4810  0.3890  0.3997  3482.8168       4065320
24      2.9910  0.4810  0.3886  0.3872  3487.8327       4065320
25      2.9910  0.4810  0.3977  0.4106  3458.1777       4065320
26      2.9910  0.4810  0.3853  0.3954  3457.9786       4065320
27      2.9910  0.4810  0.3959  0.4085  3444.5336       4065320
28      2.9910  0.4810  0.3881  0.3837  3448.0770       4065320
29      2.9910  0.4810  0.3876  0.3958  3406.8182       4065320
30      2.9910  0.4810  0.3818  0.3792  3482.8638       4065320
31      2.9910  0.4810  0.3762  0.3823  3451.3129       4065320
32      2.9910  0.4810  0.3745  0.3828  3461.0131       4065320
33      2.9910  0.4810  0.3792  0.3832  3460.9809       4065320
34      2.9910  0.4810  0.3762  0.3790  3456.0815       4065320
35      2.9910  0.4810  0.3774  0.3875  3454.2182       4065320
36      2.9910  0.4810  0.3859  0.3962  3438.3999       4065320
37      2.9910  0.4810  0.3819  0.3772  3462.5714       4065320
38      2.9910  0.4810  0.3820  0.3860  3441.6949       4065320
39      2.9910  0.4810  0.3812  0.3843  3453.8958       4065320
40      2.9910  0.4810  0.3834  0.3929  3470.0662       4065320
41      2.9910  0.4810  0.3725  0.3777  3447.8602       4065320
42      2.9910  0.4810  0.3764  0.3954  3488.9400       4065320
43      2.9910  0.4810  0.3863  0.3768  3438.0688       4065320
44      2.9910  0.4810  0.3892  0.3866  3459.6173       4065320
45      2.9910  0.4810  0.3918  0.3943  3452.5971       4065320
Saved model for ε=3.0 → ./ttf_global_model_eps_3.0.pt

================ TTF DP EXPERIMENT SUMMARY ================
 epsilon  epsilon_spent_last_round  noise_multiplier_last_round  accuracy  precision   recall  f1_score  auc_roc  final_train_loss  final_val_loss  total_runtime_sec
     3.0                  2.991013                     0.480957  0.912146   0.942131 0.836904  0.886086 0.962398           0.39183        0.394255       31822.119699
===========================================================

Formatted summary for thesis table:
Epsilon EpsSpent        NoiseMult       Accuracy        Precision       Recall  F1      AUC     TrainLoss       ValLoss Runtime(s)
3.0     2.9910  0.4810  0.9121  0.9421  0.8369  0.8861  0.9624  0.3918  0.3943  31822.12

Saved summary to: ttf_dp_federated_results_summary.csv